


@@@ /home/thlarsen/ood_detection/learn_uncertainty/training_plots/mnist_calibrate/cal(lr=1e-05)(w=0.001).png
 ECE (20): [0.3761302, 0.14951137, 0.10200319, 0.07989832, 0.06753826, 0.06116693, 0.056212753, 0.05251872, 0.049376223, 0.046609763, 0.04447256, 0.042746473, 0.0419498, 0.041067775, 0.039302718, 0.038173042, 0.037284844, 0.036375817, 0.03518806, 0.034787398] 
ACC (20): [0.3795, 0.60424, 0.67708, 0.71814, 0.74356, 0.75998, 0.7722, 0.7809, 0.78868, 0.79576, 0.80154, 0.80606, 0.81078, 0.81462, 0.81894, 0.82274, 0.82602, 0.82944, 0.83188, 0.8349]



@@@ /home/thlarsen/ood_detection/learn_uncertainty/training_plots/mnist_calibrate/cal(lr=1e-05)(w=0.01).png
 ECE (20): [0.03375236, 0.033283047, 0.03209457, 0.03258352, 0.031402614, 0.03131512, 0.03089387, 0.03082237, 0.030451028, 0.029937033, 0.029298522, 0.029096043, 0.029171472, 0.028457422, 0.02815985, 0.027828239, 0.027430007, 0.027369019, 0.026925862, 0.026592104] 
ACC (20): [0.8375, 0.83896, 0.84148, 0.84298, 0.84448, 0.84636, 0.84834, 0.84978, 0.85172, 0.85314, 0.85464, 0.85564, 0.85714, 0.85872, 0.85998, 0.86084, 0.86238, 0.86316, 0.86456, 0.8656]



@@@ /home/thlarsen/ood_detection/learn_uncertainty/training_plots/mnist_calibrate/cal(lr=1e-05)(w=0.1).png
 ECE (20): [0.026529115, 0.026196837, 0.025653603, 0.025630737, 0.02553798, 0.025447551, 0.025542332, 0.024959944, 0.02464329, 0.024826948, 0.024723385, 0.024942206, 0.024470408, 0.024455616, 0.024433278, 0.024424808, 0.023899412, 0.023435378, 0.023323616, 0.023047099] 
ACC (20): [0.86752, 0.86824, 0.8689, 0.86952, 0.87094, 0.87132, 0.87252, 0.87322, 0.87382, 0.8743, 0.87586, 0.87614, 0.87684, 0.87772, 0.87888, 0.8792, 0.88006, 0.88106, 0.88156, 0.88232]



@@@ /home/thlarsen/ood_detection/learn_uncertainty/training_plots/mnist_calibrate/cal(lr=1e-05)(w=1).png
 ECE (20): [0.023302063, 0.023046698, 0.023130743, 0.022334704, 0.022639753, 0.022296144, 0.022513868, 0.02192289, 0.022020034, 0.021844883, 0.021815527, 0.021843981, 0.021765228, 0.021657994, 0.021432796, 0.021460306, 0.020984644, 0.020875134, 0.020113742, 0.02092204] 
ACC (20): [0.88316, 0.88386, 0.88446, 0.88486, 0.88582, 0.88652, 0.88736, 0.88716, 0.88794, 0.8888, 0.88934, 0.8895, 0.89044, 0.89058, 0.89096, 0.8919, 0.89214, 0.8926, 0.89348, 0.8938]



@@@ /home/thlarsen/ood_detection/learn_uncertainty/training_plots/mnist_calibrate/cal(lr=1e-05)(w=10).png
 ECE (20): [0.020231264, 0.020372514, 0.020591954, 0.020153638, 0.02041502, 0.020005666, 0.020354073, 0.019607203, 0.019744316, 0.02002318, 0.019839635, 0.020216387, 0.020095399, 0.019623151, 0.01926668, 0.01942372, 0.019136926, 0.019342668, 0.019164411, 0.019709487] 
ACC (20): [0.89408, 0.8946, 0.89526, 0.89566, 0.89596, 0.89632, 0.8964, 0.89712, 0.89712, 0.8976, 0.89806, 0.89834, 0.89862, 0.89888, 0.89966, 0.89998, 0.89988, 0.90022, 0.90072, 0.90104]



@@@ /home/thlarsen/ood_detection/learn_uncertainty/training_plots/mnist_calibrate/cal(lr=1e-05)(w=100).png
 ECE (20): [0.01940543, 0.018926153, 0.01908329, 0.019511394, 0.019105282, 0.019232403, 0.01889884, 0.018708948, 0.019117288, 0.018955687, 0.018731266, 0.018701466, 0.018856065, 0.018740507, 0.01873149, 0.018465891, 0.018411897, 0.018641435, 0.018322144, 0.018300822] 
ACC (20): [0.90156, 0.90194, 0.90186, 0.90278, 0.9031, 0.90338, 0.9035, 0.90394, 0.90432, 0.90408, 0.9052, 0.90478, 0.90544, 0.90576, 0.90588, 0.90622, 0.90654, 0.90684, 0.90726, 0.90766]



@@@ /home/thlarsen/ood_detection/learn_uncertainty/training_plots/mnist_calibrate/cal(lr=0.0001)(w=0.001).png
 ECE (20): [0.019271936, 0.018845357, 0.018476367, 0.01753905, 0.01714844, 0.017048283, 0.016717587, 0.016666379, 0.015855437, 0.015791254, 0.015650151, 0.01529106, 0.015223624, 0.014827521, 0.014453762, 0.014457524, 0.014593342, 0.014030322, 0.014304062, 0.013741714] 
ACC (20): [0.90446, 0.9073, 0.90936, 0.91176, 0.91422, 0.91578, 0.91816, 0.91962, 0.9215, 0.92318, 0.9249, 0.92608, 0.92878, 0.92882, 0.93068, 0.93178, 0.93266, 0.93418, 0.93484, 0.9359]



@@@ /home/thlarsen/ood_detection/learn_uncertainty/training_plots/mnist_calibrate/cal(lr=0.0001)(w=0.01).png
 ECE (20): [0.013340116, 0.0135407485, 0.014064076, 0.013566459, 0.013438844, 0.013400661, 0.012866496, 0.012996713, 0.013147232, 0.012861449, 0.012765723, 0.012294288, 0.012294332, 0.012769597, 0.012691632, 0.012116853, 0.012671256, 0.012089017, 0.012142871, 0.012257457] 
ACC (20): [0.93694, 0.93778, 0.9386, 0.93976, 0.94022, 0.9409, 0.94192, 0.94202, 0.94334, 0.94358, 0.94466, 0.94498, 0.94514, 0.94622, 0.94712, 0.9476, 0.94816, 0.9487, 0.94918, 0.94936]



@@@ /home/thlarsen/ood_detection/learn_uncertainty/training_plots/mnist_calibrate/cal(lr=0.0001)(w=0.1).png
 ECE (20): [0.0122227715, 0.011742218, 0.011700201, 0.012000635, 0.011817396, 0.012115052, 0.011748131, 0.011482612, 0.011985352, 0.01132921, 0.011469885, 0.0118006645, 0.01135347, 0.011327748, 0.0114633255, 0.011608174, 0.011299934, 0.011622241, 0.0113110775, 0.010818069] 
ACC (20): [0.94956, 0.951, 0.95144, 0.9515, 0.95252, 0.95226, 0.95236, 0.95384, 0.95354, 0.95486, 0.955, 0.95512, 0.95648, 0.95572, 0.95694, 0.95724, 0.95662, 0.9577, 0.95812, 0.9587]



@@@ /home/thlarsen/ood_detection/learn_uncertainty/training_plots/mnist_calibrate/cal(lr=0.0001)(w=1).png
 ECE (20): [0.01135849, 0.010835318, 0.010955294, 0.010610473, 0.010765876, 0.011100486, 0.010612605, 0.010652739, 0.010604144, 0.010705533, 0.01070452, 0.010599961, 0.010602212, 0.010636518, 0.0103139365, 0.010206769, 0.010306413, 0.010675391, 0.010456313, 0.010280819] 
ACC (20): [0.95868, 0.95952, 0.95962, 0.95956, 0.96004, 0.9606, 0.96044, 0.96084, 0.96106, 0.96154, 0.9618, 0.9622, 0.96216, 0.96276, 0.96304, 0.96316, 0.96298, 0.96316, 0.96342, 0.96402]



@@@ /home/thlarsen/ood_detection/learn_uncertainty/training_plots/mnist_calibrate/cal(lr=0.0001)(w=10).png
 ECE (20): [0.0102786375, 0.010282895, 0.010109674, 0.0104797315, 0.010040158, 0.009839951, 0.010289878, 0.010311754, 0.009926369, 0.009973801, 0.009919699, 0.009985576, 0.009829688, 0.010141135, 0.0098446105, 0.009987373, 0.009482985, 0.009429272, 0.009811187, 0.009633797] 
ACC (20): [0.96472, 0.9644, 0.96492, 0.965, 0.96558, 0.96544, 0.96626, 0.966, 0.9662, 0.9664, 0.96664, 0.9667, 0.96792, 0.9667, 0.96738, 0.96688, 0.96796, 0.96822, 0.96794, 0.96852]



@@@ /home/thlarsen/ood_detection/learn_uncertainty/training_plots/mnist_calibrate/cal(lr=0.0001)(w=100).png
 ECE (20): [0.009511082, 0.0094920695, 0.00954821, 0.009896726, 0.009412251, 0.009254802, 0.009365695, 0.009374354, 0.009343893, 0.00921978, 0.009252348, 0.0093059195, 0.009215209, 0.009538294, 0.00912549, 0.009241032, 0.009204267, 0.008826406, 0.009014777, 0.009125198] 
ACC (20): [0.96842, 0.9689, 0.96908, 0.96882, 0.96892, 0.96992, 0.9703, 0.96968, 0.97028, 0.97068, 0.9701, 0.97038, 0.97044, 0.9711, 0.97088, 0.9715, 0.97114, 0.97154, 0.9717, 0.97134]



@@@ /home/thlarsen/ood_detection/learn_uncertainty/training_plots/mnist_calibrate/cal(lr=0.001)(w=0.001).png
 ECE (20): [0.0132799195, 0.012619037, 0.011315307, 0.011134243, 0.010708053, 0.010179748, 0.009841587, 0.00970597, 0.009160366, 0.009055236, 0.008300392, 0.008651336, 0.008269183, 0.008561444, 0.007747607, 0.007961555, 0.0074870945, 0.007464805, 0.0071415757, 0.0068726977] 
ACC (20): [0.94554, 0.95228, 0.95646, 0.9593, 0.9619, 0.96428, 0.96626, 0.9672, 0.9689, 0.97154, 0.97338, 0.97352, 0.97378, 0.97418, 0.97594, 0.97698, 0.97804, 0.97952, 0.9798, 0.9804]



@@@ /home/thlarsen/ood_detection/learn_uncertainty/training_plots/mnist_calibrate/cal(lr=0.001)(w=0.01).png
 ECE (20): [0.0066629862, 0.006811162, 0.006458388, 0.0065919296, 0.0064747217, 0.0058581284, 0.0057745283, 0.0057225274, 0.005545437, 0.0057358746, 0.0055518616, 0.0054568634, 0.0051575876, 0.0050116475, 0.0049690567, 0.0046247225, 0.004530456, 0.00442505, 0.004393226, 0.0043573724] 
ACC (20): [0.98128, 0.98166, 0.983, 0.98292, 0.98382, 0.98474, 0.9856, 0.98608, 0.98592, 0.98626, 0.98676, 0.98728, 0.98756, 0.9887, 0.98862, 0.99008, 0.98944, 0.99008, 0.99024, 0.99036]



@@@ /home/thlarsen/ood_detection/learn_uncertainty/training_plots/mnist_calibrate/cal(lr=0.001)(w=0.1).png
 ECE (20): [0.004439135, 0.0040349294, 0.0041263686, 0.0038593311, 0.0038520545, 0.0037609546, 0.0039752102, 0.003459667, 0.0034751135, 0.0033136245, 0.003503786, 0.0032898868, 0.0030759186, 0.0031676956, 0.0033100736, 0.0027532103, 0.0027075033, 0.002695529, 0.0028371634, 0.0027665573] 
ACC (20): [0.99062, 0.99104, 0.99172, 0.99194, 0.99214, 0.99242, 0.99224, 0.9926, 0.99304, 0.9935, 0.99354, 0.9938, 0.99398, 0.99414, 0.9942, 0.9951, 0.99522, 0.99484, 0.99488, 0.99522]



@@@ /home/thlarsen/ood_detection/learn_uncertainty/training_plots/mnist_calibrate/cal(lr=0.001)(w=1).png
 ECE (20): [0.002546632, 0.0023711987, 0.0023003456, 0.002472796, 0.0022363532, 0.002336203, 0.002282969, 0.00202156, 0.0019936047, 0.001967055, 0.0019647556, 0.0017527071, 0.0018554612, 0.0015780088, 0.0017466502, 0.0015678976, 0.0015202786, 0.0013842001, 0.0014080382, 0.0014974041] 
ACC (20): [0.9952, 0.9963, 0.99628, 0.99602, 0.99628, 0.99624, 0.99628, 0.99664, 0.9969, 0.99676, 0.99682, 0.99724, 0.99712, 0.99756, 0.99748, 0.9978, 0.99772, 0.99792, 0.998, 0.9977]



@@@ /home/thlarsen/ood_detection/learn_uncertainty/training_plots/mnist_calibrate/cal(lr=0.001)(w=10).png
 ECE (20): [0.0015651038, 0.0013336563, 0.0012252942, 0.0012923961, 0.0012816224, 0.0011928116, 0.0012400328, 0.0011083531, 0.0010604637, 0.0010572636, 0.0009924992, 0.00095389027, 0.0008649884, 0.0008894895, 0.000868748, 0.0008138664, 0.0007145461, 0.00074843894, 0.0007092356, 0.00076111185] 
ACC (20): [0.99798, 0.9982, 0.99836, 0.99838, 0.99822, 0.99846, 0.9985, 0.99868, 0.99872, 0.99864, 0.99898, 0.9988, 0.99888, 0.99908, 0.999, 0.99908, 0.99914, 0.9991, 0.99922, 0.99906]



@@@ /home/thlarsen/ood_detection/learn_uncertainty/training_plots/mnist_calibrate/cal(lr=0.001)(w=100).png
 ECE (20): [0.0006808956, 0.0006875711, 0.0005676291, 0.00048215178, 0.00052527286, 0.0004738584, 0.00043295755, 0.00054636726, 0.00042439663, 0.0004045819, 0.0004332898, 0.00047403254, 0.00050520437, 0.00033432755, 0.000378123, 0.00031767192, 0.00032678866, 0.00036590942, 0.00026622938, 0.00022438576] 
ACC (20): [0.99918, 0.99926, 0.9993, 0.99946, 0.99942, 0.99952, 0.99956, 0.9994, 0.99954, 0.99958, 0.9996, 0.99952, 0.99946, 0.99968, 0.9996, 0.99974, 0.99982, 0.9996, 0.99974, 0.99982]



@@@ /home/thlarsen/ood_detection/learn_uncertainty/training_plots/mnist_calibrate/cal(lr=0.01)(w=0.001).png
 ECE (20): [0.012785337, 0.0092569105, 0.013410151, 0.020224543, 0.0259512, 0.026882628, 0.030837974, 0.029330676, 0.02365546, 0.022539968, 0.021783728, 0.0225221, 0.021132724, 0.021502351, 0.020520268, 0.020348271, 0.020335568, 0.018950375, 0.019639652, 0.019812424] 
ACC (20): [0.18784, 0.28788, 0.39768, 0.49042, 0.5538, 0.58444, 0.67958, 0.78682, 0.83612, 0.84618, 0.86144, 0.8647, 0.87938, 0.88344, 0.88992, 0.89388, 0.89822, 0.90384, 0.90346, 0.90422]



@@@ /home/thlarsen/ood_detection/learn_uncertainty/training_plots/mnist_calibrate/cal(lr=0.01)(w=0.01).png
 ECE (20): [0.019585228, 0.019353017, 0.019247495, 0.018530665, 0.018978238, 0.018892612, 0.019280659, 0.018317714, 0.019134445, 0.018006453, 0.018237147, 0.017608823, 0.017712446, 0.017526563, 0.017284248, 0.017281082, 0.016938021, 0.017231753, 0.017194115, 0.017497087] 
ACC (20): [0.90356, 0.90364, 0.90386, 0.90842, 0.91004, 0.9116, 0.91088, 0.91198, 0.90922, 0.91404, 0.91554, 0.91632, 0.91834, 0.9203, 0.92118, 0.92266, 0.92574, 0.9242, 0.9251, 0.92258]



@@@ /home/thlarsen/ood_detection/learn_uncertainty/training_plots/mnist_calibrate/cal(lr=0.01)(w=0.1).png
 ECE (20): [0.016720345, 0.016984122, 0.016557362, 0.015928054, 0.01665611, 0.016701259, 0.016420424, 0.016066037, 0.01590349, 0.016027799, 0.0169926, 0.016055854, 0.016922522, 0.015626583, 0.01577498, 0.015810812, 0.015399886, 0.0156908, 0.016187942, 0.01583785] 
ACC (20): [0.92642, 0.9269, 0.92638, 0.9279, 0.92928, 0.92818, 0.92902, 0.93048, 0.9318, 0.92982, 0.92936, 0.92996, 0.93016, 0.93202, 0.93292, 0.93214, 0.93426, 0.93238, 0.93122, 0.93434]



@@@ /home/thlarsen/ood_detection/learn_uncertainty/training_plots/mnist_calibrate/cal(lr=0.01)(w=1).png
 ECE (20): [0.016516034, 0.015728604, 0.015740924, 0.016751528, 0.016345112, 0.016255006, 0.016338177, 0.016197637, 0.015423557, 0.016063258, 0.01592466, 0.015507464, 0.015307418, 0.015499391, 0.015756384, 0.015679203, 0.015376478, 0.015254323, 0.015456951, 0.01519571] 
ACC (20): [0.9346, 0.93472, 0.9354, 0.92774, 0.92982, 0.93316, 0.93222, 0.93548, 0.93548, 0.93582, 0.93584, 0.93472, 0.9354, 0.93608, 0.9346, 0.93576, 0.9365, 0.93618, 0.93726, 0.93894]



@@@ /home/thlarsen/ood_detection/learn_uncertainty/training_plots/mnist_calibrate/cal(lr=0.01)(w=10).png
 ECE (20): [0.015357247, 0.015016245, 0.014904995, 0.015315005, 0.015189518, 0.015028452, 0.014691587, 0.014759447, 0.015245572, 0.014924547, 0.01413962, 0.014796157, 0.014475113, 0.014606739, 0.014601488, 0.014440187, 0.013960456, 0.014863282, 0.014440951, 0.014622027] 
ACC (20): [0.93926, 0.9388, 0.9399, 0.9369, 0.93934, 0.93902, 0.94214, 0.94266, 0.94272, 0.94048, 0.9432, 0.94266, 0.94248, 0.94326, 0.94422, 0.94382, 0.94542, 0.9403, 0.94386, 0.9453]



@@@ /home/thlarsen/ood_detection/learn_uncertainty/training_plots/mnist_calibrate/cal(lr=0.01)(w=100).png
 ECE (20): [0.014748345, 0.014727607, 0.014397472, 0.01390623, 0.014272161, 0.014192379, 0.013648562, 0.014256102, 0.014281794, 0.013795967, 0.013861068, 0.013812947, 0.013792865, 0.013614876, 0.014352896, 0.013605247, 0.013954282, 0.014391899, 0.014016561, 0.013743922] 
ACC (20): [0.9463, 0.9437, 0.94482, 0.94392, 0.9458, 0.94494, 0.94644, 0.94766, 0.94634, 0.946, 0.94746, 0.94764, 0.94728, 0.94678, 0.94518, 0.94802, 0.94628, 0.94522, 0.94556, 0.94652]
