Model: "sequential"
_________________________________________________________________
Layer (type)                 Output Shape              Param #   
=================================================================
conv2d (Conv2D)              (None, 28, 28, 6)         156       
_________________________________________________________________
max_pooling2d (MaxPooling2D) (None, 14, 14, 6)         0         
_________________________________________________________________
conv2d_1 (Conv2D)            (None, 14, 14, 16)        2416      
_________________________________________________________________
max_pooling2d_1 (MaxPooling2 (None, 7, 7, 16)          0         
_________________________________________________________________
conv2d_2 (Conv2D)            (None, 7, 7, 120)         48120     
_________________________________________________________________
flatten (Flatten)            (None, 5880)              0         
_________________________________________________________________
dense (Dense)                (None, 84)                494004    
_________________________________________________________________
dense_1 (Dense)              (None, 10)                850       
=================================================================
Total params: 545,546
Trainable params: 545,546
Non-trainable params: 0
_________________________________________________________________
---NN layer 0 weights---
(5, 5, 1, 6)
[[[[ 1.04239546e-01 -2.96791971e-01 -3.43859419e-02 -1.71340674e-01
    -6.67305738e-02  5.74833490e-02]]

  [[ 1.68644674e-02 -1.67071521e-01 -1.34877622e-01  2.17803702e-01
     5.68398647e-02 -4.93945517e-02]]

  [[-1.34484604e-01 -2.07467660e-01 -9.30953622e-02 -1.18155845e-01
    -1.05826698e-01  3.28142457e-02]]

  [[-5.47874123e-02 -2.49344587e-01  2.82550287e-02 -1.13608718e-01
     2.25976054e-02 -1.10197522e-01]]

  [[-2.40974337e-01 -2.66504765e-01  1.20653272e-01 -1.90846011e-01
     2.43403967e-02  6.52011260e-02]]]


 [[[ 4.62108366e-02 -2.84795351e-02  1.06477328e-01 -2.23763995e-02
     5.24856597e-02  8.80292729e-02]]

  [[ 6.52760789e-02 -1.83688700e-02 -1.20798588e-01  9.02585089e-02
    -7.13829789e-03  1.68575585e-01]]

  [[-4.96514142e-01 -1.56500220e-01 -2.31104866e-01 -1.14303909e-01
    -9.79261845e-03  3.65181789e-02]]

  [[-1.70934886e-01  1.07422091e-01 -1.50613070e-01 -1.45924225e-01
     1.20742492e-01  1.24228179e-01]]

  [[-6.61942288e-02  1.17859736e-01 -1.05897374e-01  1.30549178e-01
     1.11124180e-01 -4.58021536e-02]]]


 [[[ 4.00457568e-02  1.35475725e-01  1.19931027e-01 -4.05354705e-03
     2.66091786e-02 -1.41586870e-01]]

  [[-2.03415275e-01 -1.33260489e-01  5.61843999e-02  1.02550283e-01
     7.51138926e-02  1.56151422e-03]]

  [[-2.45629102e-01 -2.31028065e-01  5.46463169e-02 -9.44685936e-02
     3.40900160e-02  8.07957128e-02]]

  [[ 9.00867209e-02  2.33394578e-02  4.09184676e-03  1.13171324e-01
    -6.66795373e-02  6.21958243e-05]]

  [[ 4.12881449e-02  3.89615148e-02 -9.50225219e-02  5.14793694e-02
    -3.40477973e-02 -1.54667482e-01]]]


 [[[-1.26465604e-01  4.09246497e-02  4.65440415e-02 -1.48421042e-02
     9.66972262e-02 -1.89539306e-02]]

  [[-1.41856983e-01 -4.31265542e-03 -1.44799398e-02 -2.75601335e-02
    -4.00520116e-02 -1.26979351e-01]]

  [[-6.82389885e-02 -2.55696505e-01  1.33902077e-02  1.79843798e-01
    -1.04164876e-01 -4.49708290e-02]]

  [[ 3.82618830e-02 -1.08273342e-01  6.12412393e-02  6.40316680e-02
     7.70491734e-02  6.29365221e-02]]

  [[ 9.30510759e-02 -2.09518760e-01 -7.95435607e-02 -3.77326533e-02
    -1.85867757e-01 -1.52287828e-02]]]


 [[[ 5.28623872e-02  9.21493173e-02  7.37251043e-02 -7.17758462e-02
     5.99659458e-02 -2.58144438e-02]]

  [[-1.80816069e-01 -4.63161469e-02  1.95613373e-02 -1.20088361e-01
     3.76594439e-02 -1.56504095e-01]]

  [[-1.28539175e-01 -1.13315307e-01  4.30656150e-02 -2.47706637e-01
     1.07110832e-02 -7.04658553e-02]]

  [[ 4.53637466e-02 -1.35963917e-01  1.37547031e-01 -1.58388838e-01
    -1.47787362e-01  1.26161918e-01]]

  [[ 1.43333763e-01  3.78792211e-02  2.48093251e-02 -9.15163681e-02
    -4.16407771e-02  3.40092145e-02]]]]
(6,)
[ 0.53310025 -0.03685299  0.6143083  -0.44852948 -0.6540466  -1.2552168 ]
---NN layer 1 weights---
---NN layer 2 weights---
(5, 5, 6, 16)
[[[[-1.72126770e-01  1.61898911e-01 -4.57035638e-02 ...  2.44072735e-01
    -5.03904000e-03  9.51843336e-02]
   [-2.53546629e-02 -2.41808832e-01 -1.22883305e-01 ...  6.38886392e-02
    -2.37259015e-01 -4.61212359e-02]
   [ 9.54985470e-02 -2.17816532e-01 -2.18365818e-01 ... -3.40696126e-01
     2.08058059e-01 -1.38103768e-01]
   [-1.58561409e-01 -3.47803943e-02  8.55320990e-02 ... -1.62328016e-02
    -4.80168760e-02  3.60997543e-02]
   [-3.19925658e-02  1.29457265e-01  2.44265869e-01 ... -1.65408209e-01
    -7.95623213e-02 -4.47963178e-02]
   [-4.32484187e-02  1.11115851e-01  2.67050955e-02 ... -2.27169618e-01
     1.38379321e-01 -1.25135124e-01]]

  [[ 1.34329811e-01 -1.11225553e-01 -2.98574287e-02 ... -1.70306846e-01
     8.28021690e-02  7.01318830e-02]
   [ 1.36613920e-01 -2.03290153e-02 -1.01594381e-01 ... -2.87734479e-01
    -6.47757426e-02  3.21528269e-03]
   [-2.78814323e-03 -2.97954470e-01  2.01843515e-01 ... -1.24461330e-01
    -1.24769025e-01 -1.74006060e-01]
   [-6.54822811e-02  1.74361974e-01  1.95445985e-01 ...  1.08174458e-02
    -8.62611365e-03 -7.73300081e-02]
   [ 8.50453451e-02 -8.64483267e-02 -8.60063583e-02 ...  9.82234031e-02
    -7.65330642e-02 -2.07904801e-02]
   [ 8.66508391e-03  8.70036557e-02  9.54015851e-02 ... -3.23590606e-01
    -2.45387077e-01 -6.43378589e-03]]

  [[ 1.01954393e-01 -2.73587018e-01 -1.04627997e-01 ... -1.93892151e-01
    -3.97166163e-02  6.74977712e-03]
   [-9.43241939e-02  4.13309187e-02 -6.40515909e-02 ... -7.24622458e-02
     1.21848874e-01  1.90676987e-01]
   [-2.32206762e-01 -1.84716374e-01 -7.88277201e-03 ... -1.85431853e-01
    -2.86312643e-02 -1.04065031e-01]
   [-1.86523438e-01  3.01284224e-01  1.01069801e-01 ... -1.25721097e-01
     1.12944305e-01  6.33050650e-02]
   [-2.77722955e-01  1.00600526e-01  4.33036722e-02 ... -3.32881212e-02
    -4.61368375e-02 -1.70459270e-01]
   [ 5.68193048e-02 -2.02607021e-01  9.96253341e-02 ... -1.64464444e-01
     5.21316677e-02 -1.32967040e-01]]

  [[-4.51324955e-02 -6.14465401e-02  6.60592783e-03 ...  6.36566877e-02
    -1.59257825e-03  9.63975936e-02]
   [-1.22080408e-01 -3.47288698e-01  2.74752975e-01 ... -3.64608616e-02
     2.62744069e-01 -2.61812538e-01]
   [-5.21126352e-02 -3.12787771e-01 -9.60020944e-02 ...  1.04254179e-01
    -2.61517782e-02 -1.13665320e-01]
   [-1.95753530e-01 -2.64697760e-01 -8.73652622e-02 ... -7.84937590e-02
     1.28674153e-02 -5.58835976e-02]
   [-1.14568444e-02 -4.38240439e-01  1.64557338e-01 ... -1.16420783e-01
     2.32830811e-02  2.49831676e-02]
   [ 1.37260094e-01  1.52632505e-01 -1.55697204e-02 ...  1.12995885e-01
    -4.46699448e-02  8.31047073e-02]]

  [[-1.94405019e-01  1.75560340e-01  7.44314045e-02 ...  6.15418367e-02
     1.00394279e-01  1.39070943e-01]
   [ 2.91747544e-02  2.52137445e-02 -4.43539880e-02 ...  6.21524043e-02
     1.82400778e-01 -1.11436158e-01]
   [ 5.03588282e-02 -1.57959014e-01  1.36317983e-01 ...  1.34332553e-01
     3.37682992e-01  1.09167263e-01]
   [-1.46801472e-01  9.76275839e-03  1.53543741e-01 ... -6.38793334e-02
     1.12654321e-01 -1.15226693e-01]
   [ 1.72048181e-01  1.88771576e-01  5.10514975e-02 ...  1.21053390e-01
    -1.44395366e-01  4.79178466e-02]
   [-2.27355406e-01 -7.43108392e-02  1.82295237e-02 ...  3.99525464e-02
    -1.22674458e-01 -2.28479207e-02]]]


 [[[ 2.08769534e-02 -2.69121025e-02 -6.96040764e-02 ...  5.92657439e-02
    -1.10770352e-01  1.37718543e-01]
   [ 1.93040654e-01 -3.25808316e-01 -8.94045979e-02 ...  1.12877697e-01
    -4.06131953e-01 -2.33435676e-01]
   [ 5.77360056e-02  7.99914822e-02  1.23885144e-02 ... -1.17822446e-01
    -1.67690024e-01 -3.22373323e-02]
   [-4.46242578e-02 -1.26278147e-01  4.03593816e-02 ... -1.07265212e-01
     3.75672728e-02  9.28095132e-02]
   [ 4.81003756e-03 -3.73014092e-01  1.59736380e-01 ...  5.80482595e-02
     6.57506809e-02  4.18629907e-02]
   [ 1.08919162e-02 -1.50961712e-01 -6.23467267e-02 ... -1.41870722e-01
    -9.25607607e-02 -6.94165230e-02]]

  [[-6.93332702e-02 -2.52676696e-01 -2.85941511e-01 ... -1.18855320e-01
     2.05433652e-01  1.43420056e-01]
   [ 9.84060615e-02 -1.06554948e-01 -1.91165507e-01 ... -1.19366109e-01
    -2.76175469e-01 -1.64908350e-01]
   [ 1.92361891e-01 -4.69896644e-02 -2.57513583e-01 ...  8.67492631e-02
    -2.46071026e-01  2.54541114e-02]
   [-2.97067408e-02  1.65597066e-01 -1.02543548e-01 ... -3.70390080e-02
     7.97554031e-02  7.96547979e-02]
   [ 1.71737626e-01 -7.71586224e-02 -2.35995906e-03 ...  7.95603395e-02
     4.29222956e-02 -6.40914738e-02]
   [-1.64862752e-01  3.06079816e-02  5.13127893e-02 ... -2.44090810e-01
    -1.04274623e-01  5.53929657e-02]]

  [[ 4.52782623e-02 -1.14184059e-01 -2.45353848e-01 ... -4.84354615e-01
     4.09116596e-02 -3.61751437e-01]
   [-4.08472307e-02  9.78802592e-02 -1.14239901e-01 ... -7.03681633e-02
    -2.68524587e-01 -1.13513708e-01]
   [-4.94965762e-01 -5.52072413e-02 -4.39633846e-01 ...  1.32140592e-01
    -1.73553690e-01  1.95767432e-02]
   [-1.47084236e-01  5.78990541e-02  1.55899093e-01 ... -2.27230936e-02
    -8.36820006e-02  2.27204934e-01]
   [-3.41107309e-01 -1.53177939e-02 -7.32062235e-02 ...  3.99748981e-02
    -9.86759961e-02 -1.08883873e-01]
   [ 2.40915008e-02 -2.02715844e-01  1.35485008e-01 ...  5.98093122e-03
    -7.15980865e-03 -1.04638785e-01]]

  [[-1.57966912e-01 -1.35504365e-01 -1.45772114e-01 ... -1.69072479e-01
     1.25757113e-01 -3.01359653e-01]
   [-2.60742843e-01 -3.57942656e-02  1.97879031e-01 ... -1.33664623e-01
     3.66650075e-02 -2.66534965e-02]
   [-1.11347720e-01 -6.84686005e-01 -2.45263636e-01 ... -3.04727852e-01
    -1.23361669e-01  1.55624831e-02]
   [ 2.35360302e-02  4.10924666e-02  2.24698037e-01 ...  8.55833143e-02
     7.77098387e-02 -8.57908949e-02]
   [-2.61308141e-02 -1.37984648e-01 -9.30734277e-02 ... -3.36692370e-02
    -1.90816790e-01 -1.23252675e-01]
   [ 1.00874491e-01  4.41205800e-02  9.72758085e-02 ... -1.08584017e-03
     1.85629576e-02 -4.18578498e-02]]

  [[ 1.82022341e-02 -2.32151881e-01 -3.58408689e-01 ... -1.13679357e-01
    -1.37912616e-01 -1.17157683e-01]
   [ 1.35549977e-01  4.94630858e-02 -1.14362389e-01 ...  1.13267384e-01
    -2.78946012e-01 -1.52542397e-01]
   [-9.16545019e-02 -2.85054326e-01 -5.63302822e-02 ... -8.00612122e-02
    -7.04275891e-02  1.30130008e-01]
   [-1.49726691e-02 -1.14676617e-01  3.59294154e-02 ...  5.78156412e-02
    -2.86549270e-01 -1.47619814e-01]
   [ 2.95776188e-01 -2.13862062e-01  1.66649282e-01 ... -3.68693918e-02
    -4.66187447e-02 -6.21577203e-02]
   [-3.73681396e-01  1.62174672e-01  2.94185989e-02 ...  2.42124930e-01
    -3.90842408e-02  4.60071824e-02]]]


 [[[-3.85094397e-02  4.16341498e-02  6.80623278e-02 ...  1.15771927e-01
    -3.68872315e-01 -4.34419841e-01]
   [ 3.26075792e-01 -2.60214657e-01 -2.98352931e-02 ...  9.23278034e-02
    -2.36001775e-01  1.99906342e-02]
   [ 2.14468554e-01 -8.64844769e-02  2.39387527e-01 ... -3.38182971e-02
    -3.69742736e-02 -7.95907378e-02]
   [ 1.44380480e-01 -5.36063910e-01 -1.59982890e-01 ... -1.51372194e-01
    -9.02254879e-02  1.43648237e-01]
   [ 1.98868439e-01 -1.52484432e-01 -5.21592721e-02 ...  7.50571713e-02
    -2.95894086e-01  8.43314230e-02]
   [-1.94320723e-01 -5.25010228e-02 -2.29041964e-01 ... -1.43060207e-01
     1.26197383e-01  1.63598731e-01]]

  [[-9.56150591e-02 -4.02736850e-03 -6.31010011e-02 ...  1.61777288e-01
     2.89086495e-02 -2.68550217e-01]
   [ 2.47621655e-01 -4.19609845e-02 -6.19814405e-03 ...  4.38310504e-02
     1.35751233e-01  5.15794680e-02]
   [ 1.18710883e-01  1.25093073e-01  1.33668423e-01 ... -4.45628241e-02
    -7.70691503e-03 -7.84852430e-02]
   [-3.20775032e-01 -3.19011688e-01 -6.17545843e-01 ...  1.49266040e-02
    -2.11783469e-01  8.74030143e-02]
   [ 8.98537878e-03  7.00153187e-02 -1.44079596e-01 ...  1.13897271e-01
     7.73800835e-02  1.58158928e-01]
   [-3.60536650e-02 -2.58582868e-02 -1.63494796e-01 ... -1.39710829e-01
    -2.45900914e-01  1.17643319e-01]]

  [[ 9.15434137e-02 -3.93200010e-01 -3.24789912e-01 ...  6.47781342e-02
    -3.04571837e-02 -2.90890336e-01]
   [-4.14445132e-01  2.38788947e-01 -3.11176449e-01 ...  1.78142950e-01
     2.15936899e-02  1.26601905e-01]
   [-4.54401314e-01  1.54804792e-02  1.74163297e-01 ...  2.01158673e-01
    -1.04003966e-01 -7.77453184e-02]
   [-1.10385910e-01  1.03680238e-01 -3.07604402e-01 ...  6.39959844e-03
    -2.32700914e-01 -2.62089726e-02]
   [-3.60391110e-01  6.33701123e-03 -1.64633274e-01 ... -7.28756413e-02
    -1.19928420e-01 -1.46884043e-02]
   [ 5.05575538e-02 -1.45055965e-01 -7.72136971e-02 ...  2.02776730e-01
     2.12337878e-02  3.00944418e-01]]

  [[-3.64917755e-01 -1.62129804e-01 -3.52035314e-01 ... -4.00922298e-01
     1.42942861e-01 -2.78089136e-01]
   [-4.82043266e-01 -5.11333644e-01 -2.44120196e-01 ...  5.66358939e-02
    -9.65044647e-02  5.31985238e-02]
   [-2.88971633e-01 -2.78791189e-01 -1.87228117e-02 ...  9.48239937e-02
    -4.37942535e-01 -2.07680658e-01]
   [-1.67651460e-01 -7.06249028e-02  1.90145522e-01 ...  4.86288145e-02
     1.22785933e-01 -3.38795781e-01]
   [-6.29064813e-02  3.66436802e-02  1.66248474e-02 ... -8.60325620e-02
    -3.17639083e-01 -4.98783179e-02]
   [-4.55283932e-02  5.26540503e-02  2.20589697e-01 ... -1.83491930e-01
    -1.09940827e-01  2.33634904e-01]]

  [[-2.71715950e-02  5.69760287e-03  2.70954128e-02 ... -2.45882660e-01
    -2.26149578e-02 -2.50762627e-02]
   [-2.56267548e-01 -1.75105117e-04 -8.70457012e-03 ...  8.53161234e-03
     3.90017599e-01 -1.40536129e-01]
   [ 1.97401255e-01 -3.13548505e-01 -2.08788559e-01 ... -2.59215862e-01
     4.98907343e-02 -1.89619288e-01]
   [ 1.78449884e-01  5.54459319e-02 -2.67221462e-02 ... -4.16442424e-01
    -1.08806435e-02 -1.38972953e-01]
   [ 1.10852748e-01 -2.22866982e-01 -2.85497215e-02 ... -1.52084202e-01
    -2.32098922e-01  1.50317317e-02]
   [-8.99397209e-02  2.34768331e-01  1.65163115e-01 ... -9.84705612e-02
    -2.54788473e-02 -1.64462700e-01]]]


 [[[-7.22254962e-02 -2.09045917e-01 -2.65843365e-02 ...  1.10733502e-01
     3.37490626e-02 -6.09113462e-03]
   [ 2.87440009e-02 -2.59975702e-01  1.53624147e-01 ...  5.75819686e-02
    -2.13444903e-01  1.89381614e-02]
   [-6.47112653e-02 -2.06629150e-02  2.12832034e-01 ... -3.24139088e-01
     1.92976501e-02  6.88324049e-02]
   [ 3.02615613e-01  1.65953562e-01  1.56295653e-02 ... -2.73532718e-01
    -2.38427818e-01 -2.52765089e-01]
   [ 8.04600492e-02  6.50169775e-02  8.54771957e-02 ...  1.07055567e-01
     6.39223726e-03 -9.17979851e-02]
   [-2.88299441e-01 -2.94803023e-01 -7.29238167e-02 ...  1.17951207e-01
     7.47153684e-02  2.02108458e-01]]

  [[ 8.19536597e-02 -1.75578803e-01  2.57206559e-01 ... -4.24575359e-02
    -3.68484050e-01  1.73077115e-03]
   [-1.69141710e-01  3.79129499e-02  5.98254018e-02 ... -2.82409310e-01
     2.77543277e-01  1.93399321e-02]
   [-4.99894619e-02 -3.84581275e-02 -8.31442699e-02 ... -1.40867651e-01
     2.46944442e-01  3.49249654e-02]
   [ 1.70067742e-01 -3.55677716e-02 -1.53309889e-02 ...  6.50779456e-02
    -1.32764027e-01 -2.80370057e-01]
   [-2.85101533e-01  4.61264327e-02 -3.19517702e-01 ...  7.76705239e-03
     2.40566880e-01 -2.25326419e-01]
   [-1.34746432e-01 -1.94590122e-01 -3.60449441e-02 ... -1.05193876e-01
    -1.65484130e-01 -8.72620568e-03]]

  [[-1.72382250e-04 -2.12518170e-01  3.08120489e-01 ...  2.51771152e-01
     2.13595256e-02  2.33546868e-01]
   [-2.95407802e-01  1.74340725e-01  4.23598960e-02 ... -1.08325049e-01
     2.78864741e-01 -1.97341636e-01]
   [-1.35271862e-01  1.12068681e-02  1.21356845e-01 ... -1.44234255e-01
     1.97699532e-01 -3.20619971e-01]
   [-1.29934371e-01  2.49374900e-02  4.03068997e-02 ... -1.37369819e-02
    -1.29596025e-01  1.56344697e-01]
   [-2.44098783e-01 -2.50196960e-02 -2.09152937e-01 ... -8.78110975e-02
    -1.02065809e-01 -1.85967013e-01]
   [ 1.20128252e-01 -1.27603993e-01  3.54248397e-02 ...  6.53712377e-02
    -2.38433480e-01  2.13137344e-02]]

  [[-2.38686532e-01 -5.64590335e-01 -1.84487656e-01 ...  2.44737253e-01
    -2.69817472e-01 -9.73770246e-02]
   [-3.50645274e-01 -4.57540825e-02  2.29707688e-01 ...  1.43842967e-02
    -2.36121133e-01  5.09176217e-02]
   [-2.21208245e-01  9.50373560e-02  1.30634338e-01 ...  1.87156424e-01
    -4.05096859e-01 -2.63973951e-01]
   [-9.93585810e-02 -1.64641961e-01  2.91818857e-01 ...  1.31581575e-01
     1.88160948e-02 -1.37636572e-01]
   [-2.10292805e-02  4.10153300e-01  6.81298971e-03 ... -1.49085060e-01
    -2.62775987e-01  1.44986466e-01]
   [-5.28253317e-02 -9.21403319e-02 -2.89076626e-01 ...  2.18879983e-01
    -1.38365671e-01 -2.23216802e-01]]

  [[ 5.43497317e-02 -8.91193211e-01  3.11631113e-01 ... -4.60584879e-01
     4.39057574e-02 -1.02489434e-01]
   [-5.26863225e-02 -4.54079002e-01 -3.29275727e-02 ...  1.08957194e-01
     2.61818171e-02 -2.78669357e-01]
   [ 1.44410715e-01 -3.21038425e-01  4.78375480e-02 ...  2.50168499e-02
    -7.25483373e-02 -2.38663882e-01]
   [ 2.50808269e-01 -2.11240686e-02  1.83067009e-01 ... -4.23755527e-01
    -1.05728842e-01 -1.89138234e-01]
   [ 9.42173228e-02  3.54275078e-01 -5.45917861e-02 ...  6.91511035e-02
     5.95025532e-02  2.13897943e-01]
   [ 4.08287831e-02 -5.16642109e-02 -2.26773381e-01 ... -1.30678833e-01
    -1.01244099e-01 -2.90560666e-02]]]


 [[[ 1.90608352e-01 -2.00258911e-01  3.72451544e-02 ... -1.34625733e-01
    -7.36212730e-02  2.53971666e-01]
   [-1.08716518e-01  3.28335389e-02  1.30371124e-01 ... -2.75821567e-01
     7.13760108e-02  1.67898580e-01]
   [ 4.30718847e-02 -5.82346506e-02  7.23327622e-02 ... -3.34530383e-01
    -1.26106292e-01  9.59046930e-02]
   [-2.91768685e-02  1.11713275e-01 -9.67014879e-02 ... -2.14031562e-01
    -5.23934178e-02  2.80746799e-02]
   [-1.40905634e-01  4.97618951e-02 -1.59360558e-01 ...  4.42161709e-02
     8.02265927e-02 -1.04211077e-01]
   [-6.23752363e-02  2.18697399e-01  1.35243312e-01 ... -2.12549165e-01
    -2.57563859e-01 -3.49437505e-01]]

  [[-1.54783661e-02  1.75961226e-01  1.78239588e-02 ...  4.09925990e-02
     2.33998284e-01  1.58425748e-01]
   [-1.19612843e-01  1.41972706e-01  6.29772991e-02 ... -1.29731759e-01
    -3.93034630e-02  1.22199118e-01]
   [ 1.17735341e-01 -2.50174440e-02  5.84706962e-02 ... -7.50982091e-02
    -3.53230760e-02 -1.27838925e-01]
   [-6.98262155e-02  6.44399375e-02  1.25266926e-03 ...  1.27311110e-01
     2.01393798e-01  6.18412159e-02]
   [-3.25104743e-01 -1.27739504e-01 -1.00307710e-01 ...  1.93242505e-01
     2.14373991e-01 -2.01572672e-01]
   [ 1.08396426e-01  5.85941635e-02  3.70008089e-02 ... -3.96737456e-02
    -1.67797968e-01 -2.42464706e-01]]

  [[-1.72005534e-01  1.35521278e-01  1.28299549e-01 ... -3.64714186e-03
     2.18109086e-01 -1.99307292e-03]
   [-1.38582021e-01 -7.77980015e-02  1.43466994e-01 ...  6.89211935e-02
    -2.18429118e-01 -1.43274277e-01]
   [-6.22167177e-02 -6.21617250e-02  1.62424464e-02 ... -1.44300267e-01
    -1.03714474e-01 -2.07101807e-01]
   [-1.42907143e-01  1.20657757e-01 -9.23673287e-02 ... -4.65237200e-02
    -3.19741577e-01  5.17381206e-02]
   [-1.42679080e-01 -3.63679618e-01 -5.98039292e-02 ... -1.89562693e-01
    -2.26584330e-01  7.49647021e-02]
   [-4.37091887e-02  1.11450836e-01 -7.11973757e-02 ... -1.05407678e-01
     1.17500452e-02  1.46174356e-01]]

  [[-2.45596737e-01  1.00182556e-01 -3.22939843e-01 ...  1.60935521e-01
    -1.50375767e-02  7.64852539e-02]
   [-4.67956752e-01  1.10206686e-01 -5.36311902e-02 ... -1.91693723e-01
    -3.04448962e-01 -1.55052701e-02]
   [-8.00969265e-03  3.21823987e-03  1.38835177e-01 ... -9.92956832e-02
    -3.47228259e-01  2.29436401e-02]
   [ 1.47833034e-01 -2.43718058e-01 -1.20469242e-01 ...  1.05592273e-01
    -2.00218469e-01 -9.16259363e-02]
   [ 1.56932265e-01 -2.17426077e-01  5.42227477e-02 ... -1.23275846e-01
    -3.05437386e-01  6.69486895e-02]
   [-1.31850913e-02 -2.29243431e-02  6.10956289e-02 ...  6.89335763e-02
     5.44977523e-02 -4.79329675e-02]]

  [[-5.78243583e-02  5.78013770e-02 -1.23339303e-01 ... -1.88647494e-01
     3.83886769e-02 -7.86954686e-02]
   [-8.48349854e-02 -6.14340723e-01 -1.10559739e-01 ... -7.04129413e-02
    -5.72103560e-02 -3.67648870e-01]
   [ 8.99675563e-02 -3.64856678e-03 -1.86683208e-01 ...  1.17386475e-01
    -3.56967524e-02  1.16529148e-02]
   [ 1.25721768e-01 -5.06848097e-01  2.46269070e-02 ... -1.15554538e-02
    -1.68944642e-01  1.84392497e-01]
   [ 1.62152991e-01  5.74755706e-02  7.86938071e-02 ...  4.68758196e-02
    -1.60849974e-01  7.22259656e-03]
   [-3.11285537e-02  1.19982790e-02  9.39180031e-02 ...  1.05402783e-01
    -1.46219939e-01  6.64547235e-02]]]]
(16,)
[-0.24431898  0.14588971 -0.6790389  -0.08640522 -0.17200431 -0.3534233
 -0.35591823 -0.35941705 -0.45773587 -0.25809726 -0.5321728  -0.3395223
 -0.47625488 -0.40168527 -0.2987071  -0.25013834]
---NN layer 3 weights---
---NN layer 4 weights---
(5, 5, 16, 120)
[[[[-1.76128119e-01 -1.56407878e-01  1.26611339e-02 ... -7.06650764e-02
    -1.08705107e-02 -1.35058299e-01]
   [ 3.01441610e-01  6.96313083e-02  1.51266642e-02 ...  6.04969077e-02
    -2.36985087e-02  7.25175813e-02]
   [-5.65859303e-02  9.71951932e-02 -3.88100594e-02 ... -4.01473492e-02
     4.70295362e-02 -1.48517177e-01]
   ...
   [ 1.09651700e-01  2.35259280e-01  4.62153070e-02 ... -5.32735288e-02
     2.39442289e-01  4.16969433e-02]
   [ 1.69918925e-01  5.66098280e-02 -6.92709768e-03 ... -8.20850134e-02
    -2.24330470e-01  2.62146890e-02]
   [-1.00948296e-01 -7.71877095e-02 -1.99144371e-02 ...  9.57442373e-02
     4.23727185e-02 -1.68470070e-01]]

  [[ 3.84831801e-02 -2.04628959e-01 -9.29600075e-02 ...  1.13962153e-02
    -1.97325319e-01 -1.33335009e-01]
   [-5.39203435e-02 -5.20390719e-02  1.61149842e-03 ... -1.73387140e-01
     1.21106654e-01 -1.51582465e-01]
   [ 1.46494014e-02  6.51466921e-02 -1.18482873e-01 ...  7.24887326e-02
    -1.06906518e-02 -7.04382509e-02]
   ...
   [ 9.77421105e-02 -5.40486611e-02 -1.53440177e-01 ... -9.40353945e-02
    -1.97253287e-01  6.74534068e-02]
   [ 3.46346311e-02 -1.06120974e-01 -1.01437837e-01 ...  1.68530554e-01
     4.96273115e-03 -1.81435227e-01]
   [ 1.65855154e-01 -1.14330932e-01 -6.54689744e-02 ... -5.22324629e-02
    -3.13084751e-01  1.17345333e-01]]

  [[ 5.16747683e-02 -4.03653458e-02 -7.27020875e-02 ... -1.69340640e-01
    -2.52152503e-01 -1.58398628e-01]
   [ 1.17511541e-01 -3.34378779e-01 -3.04635968e-02 ... -3.04559350e-01
    -3.92794684e-02 -5.87292947e-02]
   [-1.79774314e-01  1.64185110e-02 -2.54858106e-01 ... -2.02971548e-01
    -1.52648287e-02  2.59819359e-01]
   ...
   [ 2.51706652e-02 -3.46455544e-01 -9.43286717e-02 ... -1.12336650e-01
    -2.31382295e-01  5.53425848e-02]
   [ 2.53145278e-01  1.15439519e-01 -1.20370880e-01 ... -1.89142719e-01
     8.98915231e-02 -5.76827582e-03]
   [-1.61315054e-01 -1.77046597e-01  1.59040950e-02 ...  4.03956734e-02
    -4.55015749e-02 -4.03532624e-01]]

  [[ 2.09834918e-01 -7.28689656e-02 -1.59855857e-01 ... -5.32957077e-01
    -2.14790136e-01 -2.51411706e-01]
   [-9.04869586e-02 -2.22933188e-01  1.34398649e-02 ...  2.33078226e-01
    -1.86684519e-01  2.94643342e-01]
   [-3.56532276e-01 -5.62053397e-02 -1.04615264e-01 ... -8.71990770e-02
    -6.39750510e-02  3.71992064e-04]
   ...
   [ 1.41059952e-02 -2.57997930e-01 -2.56675463e-02 ... -1.17421426e-01
     1.04637817e-01  1.19861796e-01]
   [ 1.29138529e-01  2.93949068e-01  1.05317831e-01 ... -1.10282697e-01
    -8.42597336e-02 -1.45470411e-01]
   [-1.15181498e-01 -5.20451367e-02 -1.53402304e-02 ... -1.90937832e-01
    -2.78436780e-01  8.31410214e-02]]

  [[-2.88824290e-01  2.79171262e-02 -3.49128023e-02 ... -4.89798002e-02
     6.06455393e-02  1.70892090e-01]
   [ 9.16507170e-02  4.17160662e-03  9.76910349e-03 ... -9.34892073e-02
    -1.02182873e-01 -5.95896281e-02]
   [ 2.49270648e-02 -1.33415267e-01 -6.01777919e-02 ...  2.31006846e-01
     2.20998868e-01 -1.44676283e-01]
   ...
   [-1.73229736e-03  3.31227690e-01 -1.44132704e-01 ... -1.56033888e-01
     2.13774338e-01 -2.57386953e-01]
   [ 6.25525638e-02  7.34518170e-02  1.57752540e-02 ...  1.22472927e-01
     1.50552601e-01  9.52216156e-04]
   [-2.14601114e-01  1.34639427e-01 -5.02985939e-02 ... -3.11656177e-01
    -6.98280260e-02  1.32294014e-01]]]


 [[[-1.76180303e-01  5.24635315e-02  7.39986002e-02 ...  3.66478041e-03
    -1.51229873e-01 -3.21628213e-01]
   [ 4.44290750e-02 -4.14451882e-02  8.84462427e-03 ...  5.80992177e-02
    -1.40887186e-01  1.58205941e-01]
   [-5.76631837e-02  3.77804153e-02 -1.30741224e-01 ...  9.19439867e-02
    -1.15863942e-01 -1.52230561e-01]
   ...
   [-1.57098413e-01  7.29854777e-02  8.75221044e-02 ... -3.78026031e-02
    -1.77047387e-01 -3.21656844e-05]
   [ 1.14807293e-01  1.11892432e-01  9.18611698e-03 ...  4.16422151e-02
    -1.98446870e-01 -3.23278792e-02]
   [ 8.28670338e-02  2.36167192e-01  5.07654510e-02 ... -1.38606384e-01
     1.33863002e-01  2.26161763e-01]]

  [[-3.17093760e-01 -1.28450558e-01 -1.16697773e-01 ...  7.02269608e-03
    -1.52754143e-01 -6.86063915e-02]
   [ 2.42310300e-01  5.31513691e-02  1.24325290e-01 ... -3.46905962e-02
    -3.92446786e-01  2.90198885e-02]
   [-3.23827475e-01 -6.69652894e-02 -1.98877051e-01 ... -4.62452956e-02
    -3.13223958e-01  7.37887770e-02]
   ...
   [-2.57373989e-01 -1.58730075e-01 -6.54324740e-02 ... -1.63594522e-02
    -1.34268016e-01  3.09776336e-01]
   [ 1.40946984e-01  1.67134732e-01 -7.34171271e-02 ... -1.19857386e-01
    -8.37736502e-02  5.66191133e-03]
   [ 8.33261460e-02 -8.47678334e-02  4.11392748e-02 ...  1.65921405e-01
     2.14284226e-01  3.57365996e-01]]

  [[-1.31054208e-01  3.75648253e-02  1.59038857e-01 ... -4.40070808e-01
    -1.59883231e-01 -4.21936661e-01]
   [-2.30968893e-01 -2.72138655e-01 -2.07813457e-01 ... -1.52403638e-01
    -1.26094759e-01  1.25435829e-01]
   [-3.54361296e-01 -1.70478687e-01  1.42828330e-01 ... -1.64506465e-01
    -1.68921441e-01 -2.02625617e-01]
   ...
   [-1.38608500e-01 -2.35688969e-01  5.16666519e-03 ... -1.78531110e-01
    -2.23842785e-02 -2.28993911e-02]
   [-2.33351979e-02 -3.26324880e-01  9.51111987e-02 ... -2.28900537e-01
     1.85520649e-01  1.66675910e-01]
   [-2.00788453e-02 -1.61556020e-01  5.40809706e-02 ...  7.86304381e-03
    -4.06602144e-01 -2.64812857e-01]]

  [[-5.14069311e-02  8.57452750e-02 -1.49692431e-01 ... -5.86005867e-01
     9.10375849e-04 -1.42925531e-01]
   [-2.16707006e-01  2.63016701e-01 -5.46067245e-02 ...  3.98992635e-02
    -2.97875434e-01  1.74078137e-01]
   [-3.91053647e-01  7.12794736e-02  1.53058082e-01 ... -4.16578174e-01
    -6.91043213e-02 -3.57134432e-01]
   ...
   [ 7.02544162e-03 -1.22446656e-01  1.20712489e-01 ... -1.58148572e-01
    -2.50712454e-01 -9.57084820e-02]
   [-1.79189742e-01  1.08184144e-01 -3.02395988e-02 ...  6.79184264e-03
    -2.02821583e-01 -4.30710942e-01]
   [ 2.31690302e-01 -1.74696833e-01 -1.88686654e-01 ... -2.81090796e-01
    -3.58861208e-01 -2.43129984e-01]]

  [[-2.82848589e-02  1.91017408e-02 -1.85835481e-01 ...  2.21578464e-01
    -3.48750591e-01 -6.49122596e-02]
   [-2.13233426e-01 -2.40949914e-01 -1.36790648e-01 ... -2.02243999e-01
    -2.39915088e-01  2.91719120e-02]
   [-9.60959271e-02 -2.36172423e-01 -6.16817214e-02 ...  1.60617992e-01
    -2.12856382e-01 -2.60785252e-01]
   ...
   [ 1.00984327e-01 -1.37105644e-01  2.05583632e-01 ... -2.53828466e-02
     1.48464763e-03 -7.45471567e-02]
   [-1.63985580e-01 -6.76534101e-02 -1.66282535e-01 ...  2.13178024e-01
     7.05421120e-02 -1.19293116e-01]
   [ 4.02485691e-02 -3.62010658e-01 -4.90839817e-02 ... -1.01468273e-01
    -1.76479608e-01 -2.41241395e-01]]]


 [[[-9.79437083e-02  2.33484562e-02 -7.54884854e-02 ...  1.62326261e-01
     5.29754907e-02 -1.29471093e-01]
   [-1.59860879e-01  3.57957669e-02  3.73960733e-02 ...  1.82417437e-01
     4.60562296e-03  2.01547109e-02]
   [-5.25827527e-01 -1.96537286e-01 -1.80827066e-01 ... -4.03027087e-01
    -1.77151814e-01 -2.45771319e-01]
   ...
   [ 4.67295712e-03 -2.22267270e-01 -8.58198479e-03 ...  4.17110696e-02
    -2.35315278e-01  2.20189616e-01]
   [ 5.84561378e-02 -1.07370265e-01 -5.54911979e-03 ... -6.35195971e-02
    -6.76297620e-02 -1.46838084e-01]
   [ 1.96450517e-01  7.91478381e-02  7.60154650e-02 ... -8.34141225e-02
     7.55584016e-02  2.10145846e-01]]

  [[-1.90017819e-01 -4.73911226e-01  2.25758683e-02 ... -1.44604281e-01
     2.61659492e-02  4.56542224e-02]
   [-7.20227882e-02 -1.16560593e-01  8.13626572e-02 ...  1.52500765e-02
     1.38683051e-01 -3.23281549e-02]
   [-2.27104783e-01 -1.05454199e-01 -1.51657954e-01 ...  1.41271502e-01
    -1.26911640e-01 -1.55891299e-01]
   ...
   [ 1.57312348e-01  1.54871881e-01  3.35698538e-02 ... -2.10244223e-01
    -1.03541374e-01  2.82403789e-02]
   [-1.33032307e-01 -6.89856559e-02 -1.09178439e-01 ...  1.69754535e-01
    -2.43641734e-01  1.54770508e-01]
   [ 1.97551355e-01 -1.41645834e-01  8.77210964e-03 ...  4.64538531e-03
     3.77235450e-02 -3.36213529e-01]]

  [[-5.87343156e-01 -1.19147599e-01 -2.50843853e-01 ... -1.73100829e-01
    -3.50317925e-01  8.00049864e-03]
   [-2.50512511e-01 -7.02555925e-02 -2.40546893e-02 ... -4.78759268e-03
    -3.66813600e-01 -1.99494958e-01]
   [-2.13790119e-01 -4.15811613e-02 -9.67297554e-02 ... -1.77968636e-01
    -2.30172455e-01 -5.10304868e-02]
   ...
   [-1.15422368e-01 -4.38130349e-02 -1.26493782e-01 ... -4.47685272e-02
    -2.81208396e-01  2.26405472e-01]
   [-2.12977722e-01 -6.37688413e-02 -9.25672799e-02 ...  3.93615142e-02
     9.79069024e-02 -4.45142053e-02]
   [ 3.61432955e-02 -9.49218404e-03 -2.14131568e-02 ...  6.81174025e-02
    -2.13322297e-01 -8.80210474e-02]]

  [[-1.28563151e-01 -1.89371407e-02  8.08963925e-03 ... -2.79630180e-02
     7.63667524e-02 -1.09997086e-01]
   [ 6.61251768e-02 -1.71104744e-01 -1.21470191e-01 ... -2.33190075e-01
    -3.72033805e-01  1.25618815e-01]
   [-2.89254457e-01  9.02785733e-02  1.40399650e-01 ... -1.23202227e-01
     1.15946345e-02  1.71229079e-01]
   ...
   [-1.61554322e-01 -2.96751298e-02 -1.54037112e-02 ... -2.15048250e-02
    -2.43850961e-01 -1.71126261e-01]
   [-1.67381570e-01  3.78976129e-02 -7.70231262e-02 ...  1.79582555e-02
     1.20399274e-01 -9.80332792e-02]
   [ 1.11020222e-01  7.45073631e-02 -1.28203809e-01 ...  1.03401348e-01
     1.00387521e-02 -2.19814956e-01]]

  [[-1.22393528e-02 -7.27858841e-02 -1.32794976e-01 ...  1.74596384e-01
    -3.16038370e-01 -1.23033665e-01]
   [-3.73029888e-01 -4.88357931e-01  9.82141402e-03 ... -1.62087619e-01
    -2.12002248e-01 -2.29889244e-01]
   [-9.49936807e-02  2.21315324e-01 -1.95017427e-01 ... -4.10764627e-02
     5.81243169e-03 -4.71117757e-02]
   ...
   [-1.91551924e-01 -2.98898518e-01 -2.29629368e-01 ...  1.28428921e-01
     1.18020318e-01 -2.46153250e-01]
   [-1.49485841e-01 -2.01083586e-01  9.01147276e-02 ...  9.24661532e-02
    -2.19136879e-01  2.44440749e-01]
   [ 2.51848623e-02  2.58733090e-02  2.65244190e-02 ... -1.18719175e-01
    -5.33398166e-02 -1.60075977e-01]]]


 [[[ 1.03509918e-01 -1.57139570e-01 -1.29586831e-01 ... -1.32062882e-01
    -1.00728862e-01  4.89660054e-02]
   [-1.10348575e-02  8.91024247e-02 -2.93292496e-02 ...  9.94224194e-03
     2.02648163e-01 -1.45181920e-02]
   [ 7.73267671e-02  7.11555034e-02 -1.66834190e-01 ... -2.08725072e-02
    -2.11277753e-02  2.76870597e-02]
   ...
   [-1.90479696e-01  8.71296972e-02 -4.11360040e-02 ... -5.55791967e-02
    -1.48176879e-01  6.09605201e-02]
   [ 1.60177350e-01  1.60034880e-01 -1.43486291e-01 ... -1.85616776e-01
    -4.60689468e-03 -3.05171788e-01]
   [ 5.71685657e-03 -5.58736213e-02  3.46922278e-02 ...  7.18669500e-03
     2.85789013e-01 -2.01450791e-02]]

  [[-1.56701997e-01 -1.20778829e-02 -4.86291572e-02 ... -6.86850175e-02
     6.04767799e-02  3.75171266e-02]
   [-1.55207530e-01 -7.71432519e-02  8.64398433e-04 ...  7.32644051e-02
     1.04442097e-01  3.69695574e-02]
   [-3.36341977e-01 -8.61809701e-02  5.67734167e-02 ...  1.73046783e-01
    -3.25075954e-01  5.58252633e-02]
   ...
   [-1.42545411e-02 -6.13407902e-02 -9.85430032e-02 ... -2.15852842e-01
    -2.16064438e-01  1.27465576e-01]
   [-1.71134561e-01 -1.22679524e-01  4.54069637e-02 ... -6.35608286e-02
    -1.05236702e-01  1.26650140e-01]
   [-3.38471860e-01 -3.15315425e-02 -4.42331284e-02 ...  3.93240596e-04
     2.29588877e-02 -1.09462805e-01]]

  [[-2.51802117e-01 -1.59936830e-01 -1.10010624e-01 ... -7.21478388e-02
    -6.51825666e-02 -1.09280469e-02]
   [ 1.37055209e-02 -1.85326114e-02 -7.82181174e-02 ... -1.60843939e-01
     7.76650012e-02  5.70641495e-02]
   [-1.84683621e-01 -8.61962978e-03 -2.05194250e-01 ... -7.35473186e-02
    -1.53379977e-01 -6.49365634e-02]
   ...
   [-8.96140561e-02  8.60098526e-02 -1.32706851e-01 ... -1.29110307e-01
    -2.86092460e-01 -3.99875492e-02]
   [ 3.72820743e-03 -7.05372021e-02 -6.25186935e-02 ... -5.49476929e-02
    -4.72745262e-02  1.45767964e-02]
   [ 4.83993702e-02 -1.98101580e-01 -1.30632902e-02 ...  8.08654875e-02
    -1.86340466e-01 -5.28583467e-01]]

  [[ 1.27573922e-01 -4.87218909e-02 -1.40250236e-01 ...  2.89659258e-02
    -7.45878965e-02 -1.61136195e-01]
   [ 1.51561886e-01 -1.99337482e-01  2.13382337e-02 ... -3.01780641e-01
    -2.71534882e-02 -2.59130448e-01]
   [-4.35114391e-02 -2.88828108e-02 -3.02917529e-02 ... -9.18962061e-03
    -1.03771657e-01 -1.37425303e-01]
   ...
   [-2.57287323e-01  1.83798924e-01  9.39116478e-02 ...  1.77810490e-01
    -3.12892944e-01 -7.56136402e-02]
   [-1.68768734e-01 -1.00425333e-01 -5.40130176e-02 ...  2.97421485e-01
    -6.77856877e-02 -1.87570095e-01]
   [-6.98760524e-02 -1.24892620e-02 -1.14196233e-01 ... -1.35943945e-02
    -3.28542963e-02 -2.52657056e-01]]

  [[-2.18934432e-01 -2.80255020e-01 -1.15863919e-01 ...  2.86511540e-01
    -4.69284117e-01  5.99399246e-02]
   [-4.03578818e-01 -6.05039634e-02 -1.05846263e-01 ... -1.40217319e-01
     1.88826948e-01 -4.14627761e-01]
   [-5.08924164e-02  1.54184625e-01 -1.16436452e-01 ...  1.50938183e-01
    -3.39265913e-01 -2.49116212e-01]
   ...
   [-1.02340147e-01 -1.25485048e-01  1.36199147e-01 ...  2.06801698e-01
    -3.00219387e-01 -2.10474044e-01]
   [ 1.73821852e-01 -1.36863127e-01 -3.31023820e-02 ... -9.32461396e-03
    -1.37740955e-01 -3.51185322e-01]
   [-1.30637333e-01 -4.65589873e-02 -8.45756307e-02 ... -5.71384653e-02
     5.43351807e-02  2.95230120e-01]]]


 [[[ 1.44128073e-02 -8.78113583e-02 -5.00031747e-02 ... -9.99176726e-02
    -1.55998748e-02 -7.56214485e-02]
   [ 2.93110255e-02  1.54248416e-01 -3.26676555e-02 ... -6.72590882e-02
     1.09308459e-01  1.75310567e-01]
   [ 2.15961367e-01 -1.43849403e-01 -5.16270325e-02 ...  1.79700032e-01
     1.99552104e-01  2.22177118e-01]
   ...
   [-6.85239509e-02 -9.52398255e-02 -4.51458432e-02 ...  1.61386207e-02
    -1.46745041e-01  1.21515304e-01]
   [ 2.37574905e-01 -2.33455412e-02  2.10573804e-02 ...  9.02421921e-02
     2.68617123e-01 -9.35726836e-02]
   [-1.16789781e-01 -3.89955044e-02 -6.66881800e-02 ...  2.01035157e-01
    -1.08851917e-01  1.81621574e-02]]

  [[-1.48228899e-01 -1.63426921e-01 -6.00378364e-02 ... -2.32486993e-01
    -6.68769181e-01  1.83580145e-01]
   [-1.90883830e-01 -6.39029145e-02 -1.19001493e-01 ... -2.51226902e-01
    -2.47118384e-01 -1.64472058e-01]
   [-1.31286770e-01 -1.43532798e-01  4.80079167e-02 ... -4.00237329e-02
    -2.50072837e-01 -4.60756719e-02]
   ...
   [-3.04407477e-01  1.09307617e-01 -1.98774575e-03 ... -3.32495660e-01
    -7.59751126e-02  3.03059071e-02]
   [ 2.62976408e-01 -3.41157801e-02 -6.17487133e-02 ... -5.00121452e-02
     2.27524936e-01  1.60870060e-01]
   [ 1.30743876e-01 -1.69055700e-01 -9.49922055e-02 ...  5.87942712e-02
     6.98763803e-02  2.03699227e-02]]

  [[ 7.47791529e-02 -3.43111426e-01 -1.17615853e-02 ...  1.35731697e-01
    -8.14705119e-02 -8.85053724e-02]
   [-1.16744414e-01 -2.40189642e-01 -6.78679943e-02 ... -2.83787906e-01
    -2.58923829e-01  3.69406715e-02]
   [-3.28379601e-01  5.38901240e-02 -4.94696498e-02 ... -1.54259279e-01
     1.16283866e-02  1.00248478e-01]
   ...
   [-2.41562754e-01  1.35709837e-01 -6.99946135e-02 ... -7.18752220e-02
    -1.17919885e-01 -6.37176335e-02]
   [-1.27958670e-01 -4.01546806e-02  5.13030030e-02 ... -3.58128287e-02
     3.43267024e-01  9.96006839e-03]
   [-7.67232198e-03 -2.28337832e-02 -1.88883364e-01 ... -2.34396130e-01
    -5.00383824e-02 -2.81201482e-01]]

  [[ 2.64145881e-02 -1.67108521e-01  2.41474919e-02 ... -7.54596964e-02
     2.26850301e-01 -1.09615959e-02]
   [-2.12609425e-01 -1.19608857e-01 -7.82389864e-02 ... -1.85328105e-03
    -2.77936637e-01 -4.86151963e-01]
   [ 8.30120035e-03 -2.36713812e-01 -1.19226463e-01 ... -4.00040060e-01
    -3.56020108e-02  4.41738851e-02]
   ...
   [-1.98104769e-01  1.03750983e-02  2.10511666e-02 ... -1.13346308e-01
    -3.38329285e-01  2.35111751e-02]
   [-3.77912112e-02 -8.22133124e-02 -1.78099591e-02 ... -1.95138186e-01
     6.04565628e-02 -2.24434994e-02]
   [-9.35238078e-02  2.03782246e-02 -9.94357094e-02 ... -2.60610819e-01
    -2.07767729e-02 -3.50983851e-02]]

  [[-3.96670192e-01  2.54250970e-02 -1.32978290e-01 ... -1.83005705e-01
    -3.83616775e-01  1.44255370e-01]
   [-9.38327760e-02  8.17875117e-02 -1.03980295e-01 ... -2.75527298e-01
    -4.68748175e-02 -1.75670043e-01]
   [-2.34078318e-01  1.75508842e-01  1.02187157e-01 ...  2.91474313e-02
     1.39327690e-01  1.04973502e-01]
   ...
   [-1.76764708e-02 -1.91284284e-01  5.72104082e-02 ... -1.29670754e-01
     6.29630387e-02 -1.94831848e-01]
   [ 1.16712317e-01 -8.17209855e-02 -1.19603984e-01 ... -1.86476707e-01
     1.03109188e-01 -9.83851776e-03]
   [ 1.31327584e-01  1.91301689e-01 -1.85115919e-01 ... -3.75493050e-01
     4.26418371e-02  1.19933166e-01]]]]
(120,)
[-0.09471521 -0.1773069  -0.15011047 -0.18529677 -0.2823087  -0.16449463
 -0.19734198 -0.04383276 -0.05144533 -0.03199791 -0.3046913  -0.18626428
 -0.13771068 -0.10551277 -0.30297157 -0.16737488 -0.12320758 -0.08805667
  0.09278371 -0.17004177 -0.06547263 -0.13282382 -0.2663714  -0.17346497
 -0.20318435 -0.147175   -0.16674899 -0.09752608 -0.21254204 -0.18196937
 -0.1112268  -0.2644392  -0.19715501 -0.24230024 -0.21683294 -0.18105361
 -0.13439783 -0.15099652 -0.1739096  -0.1721411  -0.13740212 -0.31000155
 -0.05872142 -0.06430589 -0.24804328 -0.01536888 -0.0431561  -0.22418664
  0.25208226 -0.14763975 -0.16719583 -0.09292194 -0.25882217 -0.35034505
 -0.04457922 -0.15013625 -0.14341484 -0.27753538  0.0191455  -0.2097644
 -0.186337   -0.07014339 -0.2457803  -0.19983988 -0.0286719  -0.17320184
 -0.26703936 -0.13407004 -0.22358869  0.00370241 -0.1193623  -0.14136814
 -0.12254409 -0.28870857 -0.16906947 -0.19377023 -0.0952237  -0.0804976
 -0.16987085 -0.1422335  -0.20241447 -0.2017355  -0.12631054 -0.2208809
 -0.3998826  -0.08933965 -0.06232693 -0.17691255 -0.14533886 -0.2650701
 -0.223957   -0.21408117 -0.11780288 -0.20735112 -0.2746157  -0.06297356
 -0.31083837 -0.05564602  0.19115806 -0.09857595 -0.242795   -0.25227937
 -0.33659485 -0.24341889 -0.253618    0.00634371 -0.2409932  -0.03578237
 -0.17911674 -0.26102138 -0.23584384 -0.19090693 -0.10310115 -0.25486308
 -0.3199152  -0.22412637 -0.24218936 -0.1843752   0.01336438 -0.04860562]
---NN layer 5 weights---
---NN layer 6 weights---
(5880, 84)
[[-0.08393431  0.00459384 -0.01124603 ... -0.08997818  0.01909413
  -0.00613077]
 [ 0.09425516 -0.07189555 -0.02609061 ...  0.04952747  0.02566746
  -0.10510576]
 [ 0.01949601  0.02311067 -0.0095379  ...  0.02062183 -0.02350271
   0.00048878]
 ...
 [ 0.06146521 -0.0025423  -0.00400222 ...  0.03818543  0.02355147
   0.13407654]
 [-0.00542817 -0.01213657 -0.02204086 ... -0.00072969  0.01989632
  -0.03730532]
 [-0.06811005  0.02364515 -0.03601465 ...  0.01973676 -0.02095008
   0.05646695]]
(84,)
[-0.16709967 -0.0394779  -0.02357845 -0.19747925 -0.19868504  0.03916535
 -0.16965972  0.0303912  -0.14003673 -0.06310616 -0.19753595 -0.23314698
 -0.11888504 -0.2683034  -0.21262151 -0.16849089 -0.07921875 -0.37710372
 -0.17399868 -0.19073167 -0.0207959  -0.12623456 -0.13765231 -0.19225198
 -0.25214392 -0.19271605 -0.17125542 -0.04497791 -0.23475198 -0.00151558
 -0.23499057 -0.0829826  -0.18034752 -0.23756003 -0.267068   -0.21738349
 -0.15389109 -0.19775161 -0.12320654 -0.13307895 -0.12025801 -0.00926496
  0.03944868 -0.13003483 -0.0963475  -0.32414353 -0.13650484 -0.03892825
 -0.02623287 -0.01695946 -0.09878823 -0.17706013 -0.2143495  -0.0721247
 -0.18799622 -0.2944525  -0.12009541 -0.05984754 -0.06067382 -0.30274996
 -0.12661304 -0.18330103 -0.10597525 -0.00870204  0.00196214 -0.10244272
 -0.06056169 -0.12464054 -0.10212514 -0.01826021 -0.16083694 -0.13457043
 -0.1168784  -0.01559686 -0.14407735 -0.1299987  -0.24070704 -0.21633604
 -0.09486269 -0.2885562  -0.12992096 -0.14484446 -0.04457178 -0.15614365]
---NN layer 7 weights---
(84, 10)
[[-2.27489844e-02 -1.33857816e-01 -1.47280052e-01  5.75590208e-02
   3.55940014e-02 -2.22505525e-01 -1.38235435e-01 -1.92388430e-01
  -2.38559425e-01 -1.18239932e-01]
 [ 1.71677709e-01  7.44735673e-02  1.33005977e-01 -2.15071768e-01
  -2.35666096e-01 -6.16338896e-03  2.33760566e-01  1.96208954e-01
  -2.06629053e-01 -1.63198784e-01]
 [-1.23923942e-01  9.48831264e-04  3.73527495e-04  1.82419717e-01
   4.40293290e-02 -2.89281346e-02  1.36842147e-01 -5.01922742e-02
   1.07150890e-01  1.47465155e-01]
 [-3.99293751e-03 -8.41990393e-03 -6.13488331e-02  3.88421379e-02
  -1.19838752e-01 -5.55737503e-02  7.75254741e-02 -1.90581769e-01
  -1.23854406e-01 -1.69948265e-01]
 [-4.56848592e-02 -2.14578837e-01 -1.72130495e-01  5.46307154e-02
  -1.15455285e-01  1.13042090e-02 -1.20349176e-01 -6.27629310e-02
  -1.72976643e-01 -6.83291117e-03]
 [ 4.51749526e-02  1.51451483e-01 -3.51260528e-02 -9.87837985e-02
   1.41142145e-01 -6.90119341e-02 -1.83268692e-02 -2.96341509e-01
  -3.44823152e-02  4.66956832e-02]
 [ 7.89281204e-02 -9.06356238e-03  1.07274763e-01  3.93411927e-02
   7.99787939e-02  1.38060629e-01  1.40880659e-01  3.48081030e-02
   1.03481852e-01 -2.16963533e-02]
 [-9.64113176e-02  1.41046315e-01  2.71976441e-02  4.00254875e-02
  -8.47586617e-02 -1.47019327e-01 -7.83862472e-02  2.59904191e-02
   2.14157756e-02  2.63012946e-02]
 [-7.54432902e-02 -1.90032825e-01 -1.99696735e-01 -2.89479733e-01
  -7.11309314e-02 -6.92911446e-02 -3.08618546e-01  5.69249988e-02
  -1.93241090e-01 -6.40217513e-02]
 [-2.00794190e-02 -2.45890900e-01 -1.05618522e-01  1.52204871e-01
  -2.09048036e-02  3.43779325e-02  2.01205507e-01 -1.46015495e-01
  -1.61613122e-01  2.04606891e-01]
 [-1.86675526e-02  6.66645989e-02 -5.34714432e-03 -4.41846102e-02
  -5.95002361e-02 -2.44510472e-01 -1.81947887e-01 -1.17520280e-01
  -1.73071399e-01 -1.26490265e-01]
 [-1.90597817e-01 -1.54158577e-01 -2.08955377e-01 -5.29027879e-02
   6.89830929e-02  8.63221213e-02  1.60745010e-01 -1.34213030e-01
   8.57800171e-02  1.45380333e-01]
 [ 7.96839893e-02 -1.90496296e-02  5.96671551e-02  7.48424530e-02
  -2.64347959e-02 -1.95524450e-02 -1.21932149e-01 -5.15466742e-02
   9.38966274e-02  5.70331290e-02]
 [-1.28517225e-01  1.12881564e-01  9.09786224e-02  7.64592141e-02
   3.24328579e-02 -1.03433646e-01 -4.00523692e-02 -2.33832039e-02
  -8.45358819e-02 -4.73689325e-02]
 [ 6.02812832e-03 -9.86432061e-02 -1.71815142e-01 -1.32080525e-01
  -1.56842351e-01  1.97459430e-01  7.19594285e-02 -8.03049281e-02
  -2.98168454e-02 -9.56885517e-02]
 [-3.24012004e-02 -1.91346128e-02  5.70395626e-02 -2.90395394e-02
   9.22269523e-02  1.14295602e-01 -4.36973944e-03  4.47669961e-02
   1.52116921e-03  2.42954306e-02]
 [-2.30783504e-02 -2.76610013e-02 -5.18622622e-02  1.12286315e-03
   7.46344849e-02 -1.54670164e-01  1.48610503e-03  6.28323033e-02
  -6.16266094e-02 -4.07171175e-02]
 [-5.62326796e-02 -2.67082542e-01 -1.32681757e-01  6.07980341e-02
  -3.22445691e-01  1.34175986e-01  2.86137648e-02 -1.40811846e-01
   2.22576946e-01 -2.06055284e-01]
 [ 6.28848001e-02  5.91892228e-02  1.34789282e-02 -1.11273944e-01
  -1.43928200e-01 -3.20856608e-02 -9.16709006e-03 -3.16355467e-01
  -3.15945745e-02 -3.91598009e-02]
 [ 3.26867513e-02 -6.76956922e-02 -7.08941594e-02 -1.31758880e-02
  -3.14355493e-02  5.91985807e-02  6.76758662e-02  1.41822502e-01
  -4.12722938e-02 -1.32343471e-01]
 [-1.67748347e-01 -1.23706929e-01  3.21011953e-02 -8.06058664e-03
   1.21044882e-01 -4.29490283e-02 -1.02541082e-01  6.89355358e-02
   9.80045199e-02  1.33034334e-01]
 [-1.57209430e-02  9.77616608e-02 -2.14934275e-01 -8.82024616e-02
  -1.91612914e-01  2.79173400e-04 -1.20878601e-02 -1.84356764e-01
  -1.47144804e-02 -2.28506159e-02]
 [-5.42761246e-03  1.37732383e-02  1.91815309e-02  2.60384716e-02
   6.47662953e-02 -9.38573554e-02  6.19532689e-02  4.26654629e-02
   4.79714684e-02  3.75495963e-02]
 [-1.62766412e-01 -7.14739561e-02  2.06833389e-02 -1.72840253e-01
  -2.89921425e-02 -1.62762981e-02 -7.93609023e-02  9.55129191e-02
   9.06630978e-02  1.33216888e-01]
 [-5.07391952e-02 -2.05502629e-01 -1.99000235e-03 -1.12095177e-01
  -2.73640871e-01 -2.48522088e-01  5.75503521e-02 -9.93879437e-02
  -1.58123985e-01 -4.09928523e-02]
 [ 3.42858657e-02 -1.49278402e-01  5.53432740e-02  1.06966607e-01
  -1.39630930e-02  1.30004942e-01 -3.54365967e-02  2.81524118e-02
  -3.02093178e-02  4.33279760e-02]
 [-2.89430469e-01  3.15753222e-02  1.70428619e-01  9.86263342e-03
  -1.79843724e-01  1.74475610e-02  9.99191962e-03 -1.80899382e-01
  -1.46373689e-01  8.19005817e-02]
 [ 1.02297597e-01 -8.01477348e-04 -1.38694867e-01 -2.05740571e-01
  -7.02483673e-03 -9.31851193e-02  3.38280685e-02 -1.51643381e-01
  -1.34823635e-01  2.32024994e-02]
 [-1.49877772e-01 -1.22366972e-01  2.37798467e-02 -5.56774363e-02
  -5.13773076e-02 -2.07079709e-01 -7.85550475e-02 -1.73695311e-02
  -8.69787931e-02  5.07511869e-02]
 [-2.14564681e-01  1.11458473e-01 -1.03976972e-01 -6.18298491e-03
  -3.56507227e-02 -8.50545913e-02 -2.13144064e-01  1.07388265e-01
  -3.51360627e-02  1.00429200e-01]
 [-1.44711018e-01  7.82836825e-02  1.31153226e-01 -2.58760184e-01
  -5.45769073e-02 -1.86968669e-01 -3.96723859e-03  1.70843795e-01
   1.00308895e-01  1.41272219e-02]
 [-5.11061475e-02  4.57049496e-02 -2.80398913e-02  1.31070837e-01
  -9.47740972e-02 -1.07347621e-02 -6.80514500e-02  8.14330056e-02
  -9.22601074e-02 -1.83592290e-02]
 [-6.71740398e-02 -5.51840104e-02 -1.01763718e-01 -1.98030248e-01
  -2.08770394e-01 -2.40258366e-01 -1.91529721e-01  7.54526407e-02
  -1.38206497e-01 -8.52990896e-02]
 [ 5.90382069e-02  2.91887242e-02 -1.14269666e-01 -2.66087383e-01
   1.62712663e-01  1.14780776e-01 -2.85133552e-02  6.92753792e-02
  -1.60941631e-02 -2.15725861e-02]
 [ 6.72658533e-02 -2.75281250e-01 -5.36488928e-03 -1.11146159e-01
  -5.86171933e-02 -2.11397946e-01 -1.38193555e-02 -3.84179950e-02
  -1.27318010e-01 -9.50361043e-02]
 [-1.45220280e-01 -8.75910074e-02  4.31941599e-02  1.01602478e-02
  -5.55302911e-02 -9.88290235e-02 -3.53050698e-03  6.32535517e-02
  -1.24462217e-01 -2.37756416e-01]
 [-5.08501045e-02  1.75267026e-01 -1.19806834e-01 -1.46988645e-01
  -1.55283220e-03 -6.00776635e-02  6.09958321e-02  1.46080166e-01
   2.72880606e-02  9.44221765e-02]
 [-8.03967472e-03 -3.47103514e-02 -2.43267715e-01 -1.44584313e-01
   6.62919730e-02 -1.19884402e-01 -1.01022229e-01 -1.77003276e-02
  -1.68042824e-01 -1.09657772e-01]
 [-9.91573483e-02  1.10885706e-02  2.03103065e-01 -5.87573834e-02
   3.99732441e-02 -1.24861784e-01  1.04078703e-01 -1.56357393e-01
   2.79449243e-02 -1.76644549e-01]
 [ 8.70492682e-02 -2.00617909e-01  1.47315953e-03 -6.06522113e-02
   2.54486836e-02 -3.10343597e-02 -4.02456000e-02  1.07047088e-01
  -3.29119116e-02 -2.67484263e-02]
 [ 2.28249297e-01  1.09019086e-01 -9.60942172e-03 -1.33850481e-02
  -9.39270947e-03  1.69645958e-02  1.60334617e-01  1.80272281e-01
  -1.14420548e-01 -4.61024884e-03]
 [-1.24692537e-01 -1.68186486e-01 -6.88647851e-02 -1.70257479e-01
  -1.86104011e-02 -4.70481589e-02  1.77564546e-01 -1.07077532e-01
  -1.58737764e-01  1.75817817e-01]
 [ 7.45481327e-02  9.16797295e-02  9.09166113e-02 -2.36101784e-02
   3.46384523e-03  8.69120508e-02 -1.48137175e-02  5.60240308e-03
   8.86680707e-02 -3.76832858e-02]
 [-4.34255004e-02 -5.24623357e-02 -5.23695052e-02 -4.70526628e-02
  -2.46795621e-02 -8.62540156e-02 -1.02490842e-01 -8.10063351e-03
   3.72324176e-02 -8.33229497e-02]
 [ 1.94565170e-02 -1.04162641e-01 -6.09002784e-02 -6.35359958e-02
  -9.00201276e-02 -7.78826326e-02 -1.41435131e-01  3.90950404e-03
   7.76909366e-02 -1.13838829e-01]
 [-4.50562350e-02 -2.16461197e-01 -2.25880519e-01  6.66244999e-02
  -1.36808798e-01  1.70278803e-01  6.57413155e-02 -1.06667690e-01
   3.43112163e-02 -5.05473353e-02]
 [ 1.01139978e-01  5.12630790e-02 -7.36124814e-02  1.55554399e-01
  -2.91117933e-03  1.23883739e-01 -4.71411645e-02 -7.78801665e-02
   4.27091382e-02  4.57653031e-02]
 [-1.72355846e-01 -1.55620322e-01  1.11554168e-01  1.23476863e-01
  -2.12811410e-01  6.15375601e-02  1.51868701e-01  3.08230314e-02
   1.86833471e-01  1.09199293e-01]
 [ 1.71599269e-01  2.04178229e-01  2.37533540e-01  8.93467143e-02
   1.29580334e-01 -2.20664144e-01  2.24097997e-01  9.02999789e-02
   2.39714347e-02  1.31258503e-01]
 [-1.01847723e-02  6.99236840e-02  7.80041888e-02 -8.33997056e-02
   8.88795778e-02 -1.76208317e-01  4.01259363e-02 -1.34722665e-01
  -2.39262786e-02 -3.34656797e-02]
 [-2.88277984e-01 -1.80879861e-01 -1.74368083e-01  1.03650585e-01
  -1.66725099e-01  4.13385443e-02 -2.03408882e-01  1.31329568e-02
   1.74786728e-02  3.57616097e-02]
 [ 6.62847757e-02 -9.23406705e-02  9.21626091e-02 -6.93198387e-03
  -1.18340366e-01 -3.67538296e-02 -5.45277484e-02  8.02987888e-02
   2.67273430e-02 -5.60488924e-02]
 [ 9.86730680e-02 -1.49499521e-01 -7.23153725e-02 -5.97111732e-02
  -1.30625546e-01  5.73522486e-02  2.30530947e-01 -2.21488461e-01
   1.45390198e-01 -1.79887824e-02]
 [-2.38431856e-01 -1.38736606e-01  1.14011034e-01  7.12048486e-02
  -1.30565912e-01  9.99290124e-02 -2.42161810e-01 -2.13489942e-02
  -1.65595114e-01 -1.49430903e-02]
 [-1.14841871e-01 -1.33485422e-01 -1.58549041e-01 -1.50906742e-01
  -2.07203314e-01 -1.16026655e-01 -6.51134476e-02  3.24172489e-02
  -1.26574084e-01 -1.83050528e-01]
 [-5.53364083e-02 -2.54629403e-02 -1.17703183e-02 -4.57021035e-02
   8.96001142e-03  3.74987279e-03 -8.92624408e-02 -8.49194154e-02
   7.70835876e-02 -2.56898347e-02]
 [-5.02632670e-02  1.01326630e-01 -1.44812688e-01 -1.61746055e-01
  -2.54569086e-03  1.25645809e-02  5.70022538e-02 -5.93310334e-02
  -1.87218085e-01 -2.45304555e-01]
 [-1.07813127e-01  6.59938827e-02  4.23945263e-02 -4.95007895e-02
   8.83745179e-02  8.54638517e-02  2.27186039e-01  4.18901779e-02
   5.01661114e-02 -1.47460833e-01]
 [-2.41111338e-01 -2.73861140e-01  2.37735614e-01 -4.69349697e-02
  -1.58359885e-01 -1.42952770e-01 -9.75196958e-02  1.44210786e-01
  -1.72263891e-01 -5.80765344e-02]
 [ 1.61267623e-01 -1.00240208e-01 -2.85877232e-02  2.39763297e-02
   6.43651262e-02  1.09775499e-01 -7.71387219e-02  9.08112302e-02
   7.39447922e-02  9.16551799e-02]
 [-6.56618699e-02  6.36857674e-02  2.82992899e-01  1.17366992e-01
   8.25122073e-02  1.93532392e-01  2.36885801e-01 -1.64635688e-01
   2.00692415e-01 -1.68777660e-01]
 [-1.05160093e-02 -1.07096225e-01  1.93191200e-01  3.60865444e-02
   1.23806916e-01 -2.10327059e-01 -1.47535175e-01  1.23579599e-01
  -7.73940906e-02  1.62404329e-01]
 [-5.53512387e-02 -2.79620737e-02 -1.12631582e-01 -5.84635586e-02
  -1.75265353e-02  8.68402570e-02  1.41075812e-02 -2.09318325e-02
  -8.18712190e-02  8.03618878e-03]
 [-5.16546816e-02 -2.15673726e-02 -8.96032201e-04  7.41604269e-02
  -5.01693822e-02  7.10557774e-02  1.01465829e-01 -2.68933550e-02
   1.37492269e-01 -4.23227027e-02]
 [ 7.34357685e-02  1.43585831e-01  1.03726737e-01  4.81742844e-02
   1.27412140e-01 -4.41325270e-02 -7.26395249e-02  2.27755606e-02
   1.27714142e-01  1.52091742e-01]
 [-1.21572651e-01  3.65363210e-02 -1.42171502e-01  2.61796832e-01
   9.15335491e-02 -9.70034767e-03  8.34304653e-03 -1.29062772e-01
  -1.85665861e-01 -8.25158656e-02]
 [-1.29995242e-01  1.35359898e-01  1.26609161e-01  6.99203461e-02
   7.59605840e-02  8.30434635e-02 -8.04190561e-02  1.50914893e-01
  -2.77556181e-02  3.22912410e-02]
 [ 1.03849106e-01  6.00653403e-02  4.47317846e-02  4.05040383e-02
   4.86682244e-02  3.10979504e-02  1.51436359e-01  1.34101853e-01
   5.57558984e-02  1.51780471e-01]
 [ 5.62077612e-02 -2.23969460e-01 -2.07521394e-01 -2.60271758e-01
   3.20002027e-02 -1.85617372e-01 -9.46596935e-02 -5.27525097e-02
   2.36338407e-01 -2.43873686e-01]
 [-9.33021307e-02  2.57811189e-01 -1.14825554e-01 -3.93488482e-02
  -1.37616888e-01 -1.83366373e-01  3.54156494e-02 -5.56262136e-02
   7.12891072e-02  1.22043833e-01]
 [-1.82214275e-01  1.53939143e-01 -2.62096524e-01  6.37366064e-03
  -3.72534320e-02 -4.46767919e-02 -1.11070693e-01  2.05056909e-02
  -3.16857696e-02  5.67769185e-02]
 [-1.69250503e-01  2.27882758e-01 -1.56970829e-01 -2.95664310e-01
   1.48646280e-01 -1.36703059e-01 -1.44042268e-01 -1.07964359e-01
   1.38107225e-01 -8.70296359e-02]
 [-2.39669353e-01 -1.11276150e-01 -1.35067135e-01 -2.47904673e-01
  -2.18641937e-01 -6.07761033e-02 -7.59356245e-02 -2.23787844e-01
  -2.44667649e-01 -3.84711772e-01]
 [ 1.43560663e-01 -1.35506857e-02 -4.07785587e-02  1.52042091e-01
   4.17706706e-02 -1.96874782e-01  1.12683728e-01 -1.69437215e-01
   1.00942507e-01  4.24059257e-02]
 [-5.99025190e-02 -1.00163095e-01  1.64090976e-01 -7.51048625e-02
  -2.59842668e-02 -4.36454341e-02 -1.12911455e-01 -1.17991893e-02
   2.86997203e-02  1.42067164e-01]
 [ 1.67699262e-01 -1.39637485e-01  1.76118225e-01  1.17980801e-01
   4.96961549e-02 -2.20378324e-01 -1.26101254e-02  1.58504948e-01
  -1.42408818e-01  6.68240339e-03]
 [-6.56304061e-02 -1.34291023e-01 -5.21920212e-02  1.18925735e-01
  -4.97622937e-02 -1.08704977e-01  1.00630336e-01 -8.60772736e-04
  -7.88305915e-05  6.89428300e-02]
 [-5.86780868e-02  5.26679158e-02 -6.96780458e-02 -1.23200610e-01
   4.55067120e-02  3.98244821e-02  6.44532219e-02 -9.97412577e-02
  -5.60918823e-02  1.18340813e-02]
 [-6.08411916e-02 -1.33959278e-01 -5.26501872e-02 -1.39912099e-01
  -1.79762363e-01 -2.13712081e-01 -1.51817203e-01 -1.12806216e-01
   8.58902037e-02 -7.10881054e-02]
 [ 1.79628462e-01 -4.75050136e-02  1.20267473e-01  2.77329478e-02
  -2.21811175e-01  1.23105533e-01 -8.59274901e-03 -2.23012809e-02
  -1.31013757e-02 -1.96165875e-01]
 [-1.47828266e-01 -1.43740490e-01  2.19312403e-03  9.18995962e-02
   1.71358302e-01  2.19639868e-01 -7.68056959e-02  1.07187666e-02
   1.10165775e-01  9.63767990e-03]
 [-6.30241558e-02 -1.30889207e-01 -3.12729217e-02 -2.35725835e-01
   7.16190562e-02  1.03781179e-01 -5.62994815e-02  1.51693812e-02
   5.05371615e-02  5.72756253e-05]
 [ 1.75405964e-01  2.13702649e-01 -1.34401515e-01 -1.20218538e-01
  -9.37769935e-02  1.70720369e-01  1.07815832e-01  4.30713780e-02
   6.91739693e-02  1.25663787e-01]
 [ 5.02413660e-02  2.04994734e-02  2.23386243e-01  1.33205876e-01
  -4.25125621e-02 -1.07461728e-01 -8.44873562e-02  2.20251586e-02
   3.03926393e-02 -9.54998136e-02]]
(10,)
[ 0.09418356  0.20191826 -0.07928349 -0.07142341 -0.09152774  0.03962035
 -0.14137514  0.09717832  0.065704   -0.0813378 ]
